OSM-Manhattan-N100-I000, Cost: 79_44079
The tours traveled by the 30 salesmen are:
1 67 35 99 2 1 (#4)  Cost: 1331
1 27 40 89 1 (#3)  Cost: 1111
1 92 19 31 70 6 32 15 1 (#7)  Cost: 2786
1 1 (#0)  Cost: 0
1 1 (#0)  Cost: 0
1 1 (#0)  Cost: 0
1 95 56 60 9 59 1 (#5)  Cost: 3038
1 1 (#0)  Cost: 0
1 1 (#0)  Cost: 0
1 11 87 66 51 1 (#4)  Cost: 656
1 54 41 85 55 7 1 (#5)  Cost: 3026
1 74 36 78 79 12 1 (#5)  Cost: 3399
1 48 25 28 23 97 1 (#5)  Cost: 3773
1 46 50 57 53 39 13 1 (#6)  Cost: 3139
1 69 86 75 44 1 (#4)  Cost: 851
1 5 77 47 94 91 18 58 1 (#7)  Cost: 2722
1 45 88 4 22 21 1 (#5)  Cost: 2608
1 38 101 37 10 64 1 (#5)  Cost: 1286
1 62 84 24 80 81 82 98 1 (#7)  Cost: 2139
1 73 83 14 76 100 1 (#5)  Cost: 3017
1 1 (#0)  Cost: 0
1 1 (#0)  Cost: 0
1 1 (#0)  Cost: 0
1 17 52 29 30 20 68 1 (#6)  Cost: 2666
1 90 26 3 8 42 1 (#5)  Cost: 1669
1 49 96 43 93 33 63 1 (#6)  Cost: 2189
1 1 (#0)  Cost: 0
1 1 (#0)  Cost: 0
1 1 (#0)  Cost: 0
1 34 72 65 16 61 71 1 (#6)  Cost: 2673
